169
320
255
216
686
4584
204
20866
1481
451
2402
5540
3099
204
197
1965
2109
2175
220
105
784
2102
2203
4667
2466
1291
184
1629
NA
1148
1543
1220
7205
1125
1431
166
332
849
2148
2924
433
1294
266
755
166
NA
4963
829
15548
108
746
1819
240
14901
1969
1611
4104
962
19092
252
83
1326
1891
263
241
343
11393
157
2221
242
561
179
14860
493
6359
1241
1581
1015
2442
894
202
169
493
525
167
781
1108
163
13484
2209
6569
28197
6626
4779
219
440
658
190
156
941
128
167
2611
151
621
1113
151
2794
2393
230
1471
2285
1692
759
343
449
332
301
144
2214
201
97
158
286
2099
906
952
9816
718
492
257
322
1828
931
1528
5841
205
6011
17094
484
1845
3842
314
1624
130
907
3017
169
NA
1507
298
294
715
354
1728
1421
172
2232
25466
64536
3218
NA
518
1022
386
404
1250
NA
4172
568
80
18415
480
879
1183
1235
1387
730
259
809
792
228
211
2374
216
182
1814
1260
538
198
154
1043
8124
415
253
3072
263
2159
136
4251
420
894
2002
4404
284
674
611
222
179
1156
316
359
2629
754
410
2642
281
161
1383
3347
923
38818
2010
204
267
1006
1124
932
NA
1371
43257
780
254
994
273
414
5369
1157
1903
15833
1161
1910
47112
1277
98
981
8171
3436
183
226
746
578
157
6254
234
1649
18906
355
14815
2702
810
2280
333
312
1775
120
6983
3834
175
1744
2462
168
736
8499
1068
4448
14320
1378
6690
949
164
14732
3318
3343
195
24276
2769
706
403
257
1242
1301
1166
443
151
381
1327
491
927
1920
2735
234
709
380
3414
1337
2846
2208
2089
301
1046
197
NA
133
899
340
2294
278
2542
4397
232
2731
206
7413
NA
3683
1303
569
321
6162
3995
2445
348
762
743
997
1307
2710
151
2149
462
228
4301
4169
2278
151
171
718
251
444
170
159
178
253
2946
210
997
1135
6378
4697
274
174
2913
1207
560
361
238
152
358
1402
880
542
1497
1701
135
1546
17558
NA
840
2478
1808
394
7479
247
5745
1384
9682
1654
312
27164
2075
423
1023
214
3247
215
431
5131
5752
865
1139
319
1114
995
1788
379
1233
185
1054
1146
704
1024
329
320
2467
NA
557
2880
1652
1485
191
526
1450
968
3302
237
4661
1273
211
1773
2168
1267
1413
1253
186
4400
415
1917
37153
298
186
215
374
NA
226
1574
2169
2156
3153
1403
3048
8433
4021
1613
3589
304
896
3312
704
565
1361
210
204
265
8026
2309
NA
1552
516
437
739
835
1344
2316
2185
320
3584
172
322
199
217
184
2466
1068
172
4572
2175
1064
439
545
531
NA
213
505
1688
983
3850
2767
24008
11676
548
14701
825
186
389
198
239
1961
783
543
6029
1640
NA
200
1361
1751
1035
NA
134
307
5603
5895
4317
697
1035
1882
393
2801
1014
270
192
24995
17282
1769
1104
731
159
179
653
317
16326
3854
160
2533
426
389
13223
825
14852
728
2184
2148
1264
443
263
2247
1792
4262
4836
618
645
2325
190
1059
6091
210
1742
292
2300
285
7585
299
1924
81705
2400
872
NA
792
1434
2238
1297
3190
888
962
220
290
1842
973
972
199
207
2758
180
952
447
NA
505
2469
1073
1049
1006
325
616
3098
1704
1354
75058
9382
156
4816
7703
505
349
3580
2424
294
4589
1089
7910
2546
8479
732
1125
1477
1170
3380
358
2516
124
495
421
353
1951
1513
2024
112
2158
2348
1151
14688
722
1804
21907
1165
253
3139
1337
290
NA
142
31880
NA
11613
373
2363
397
215
2146
256
27843
22831
1580
2579
285
394
276
393
NA
266
211
2501
17121
1282
660
3333
16141
5101
152
1310
163
1087
978
165
2247
5218
256
1560
1024
162
233
5146
7460
1417
2247
194
1272
162
149
287
1324
778
300
9836
3017
488
1210
793
2483
766
3788
30197
151
2424
471
357
1984
1222
298
622
1820
1286
520
945
2472
314
459
313
2568
2661
1317
238
NA
1801
1235
215
448
868
7196
2886
8271
162
24046
142
1767
266
241
366
2122
1367
2256
5249
1458
1359
215
4700
3301
358
395
4388
263
177
3129
755
3744
563
1055
254
13081
1151
939
1373
1496
6023
801
2731
1569
2256
2243
16435
2170
13454
582
3174
2407
342
47464
1253
1092
2140
548
1276
1469
189
199
NA
1309
270
151
1922
704
1532
12265
245
500
451
2850
201
556
650
622
193
53277
2459
1120
2165
8971
820
2196
1786
361
1883
301
2966
215
273
153
1385
182
1094
4445
2672
456
7546
140
147
321
277
1514
275
336
1458
1547
2271
5869
3247
570
1075
19569
119
285
2772
5214
224
5201
2165
1972
13777
1576
1834
319
3470
179
416
302
345
365
3044
789
239
2591
1926
565
10716
866
311
453
2526
306
2419
544
1885
1637
160
455
902
338
1038
178
3614
6386
30533
305
8099
544
2086
196
2223
5942
227
730
252
32667
220
1218
287
NA
2816
753
166
13984
2827
5691
539
560
306
1226
2247
73100
397
1115
6964
790
5832
73457
1921
153
1233
1878
268
963
807
203
NA
222
28380
291
40518
309
259
8063
269
1123
105
1372
9288
335
5277
7689
1402
163
762
456
172
99
3093
4119
4866
879
256
2267
1649
343
188
1250
4989
2587
2261
12577
5272
536
261
1024
265
2247
193
3670
400
2121
408
427
1090
3667
403
735
345
6230
3584
17766
9873
1777
360
151
2790
235
334
567
531
218
2976
638
764
621
361
4425
4425
416
2788
2429
193
125
524
801
220
3303
300
4262
196
491
1777
90
1609
2140
1349
586
1194
142
33521
1831
